
dataEff_eb=array('d',[
0.913, 0.913, 
0.917, 0.917, 
0.874, 0.874, 
0.913, 0.913, 
0.856, 0.856, 
0.844, 0.844, 
0.918, 0.918, 
0.919, 0.919, 
0.887, 0.887, 
0.884, 0.884, 
0.9,   0.9,   
0.908, 0.908, 
0.869, 0.869, 
0.917, 0.917, 
 ])
dataErr_eb=array('d',[
0.012206559711892629, 
0.017044063482632318, 
0.004301174258269483, 
0.009055390659712044, 
0.018452644796884823, 
0.006041531262850509, 
0.013656503945007314, 
0.01667333499933353,  
0.007176357014530429, 
0.009300542994900896, 
0.02610555687971435,  
0.007382418302968215, 
0.013019220406767845, 
0.01131371291840129,  
 ])
mc22Eff_eb=array('d',[
0.914, 
0.911, 
0.908, 
0.914, 
0.903, 
0.881, 
0.914, 
0.918, 
0.921, 
0.92,  
0.904, 
0.918, 
0.901, 
0.91,  
 ])
sf_eb=array('d',[
0.9989059080962801, 
1.0065861690450055, 
0.9625550660792951, 
0.9989059080962801, 
0.9479512735326688, 
0.9580022701475596, 
1.0043763676148796, 
1.0010893246187365, 
0.9630836047774158, 
0.9608695652173913, 
0.995575221238938,  
0.9891067538126361, 
0.9644839067702552, 
1.0076923076923077, 
 ])
sfErr_eb=array('d',[
0.013355098153055392,
0.0187091805517369,  
0.004736976055362867,
0.009907429605811863,
0.020434822587912318,
0.006857583726277536,
0.014941470399351547,
0.018162674291212995,
0.007791918582552041,
0.010109285864022714,
0.02887782840676366, 
0.008041850003233349,
0.014449745179542558,
0.012432651558682737,
 ])



dataEff_ee=array('d',[
0.93,                
0.9179999999999999,  
0.892,               
0.915,               
0.893,               
0.87,                
0.907,               
0.923,               
0.9,                 
0.902,               
0.904,               
0.927,               
0.9019999999999999,  
0.928,               
])
dataErr_ee=array('d',[
0.02940238255652074,   
0.04077376730202892,   
0.008336671997865823,  
0.0080932132061376,    
0.0063639688874160966, 
0.00644205712486315,   
0.011575841222131554,  
0.11285831870092705,   
0.009300542994900896,  
0.01841195535514902,   
0.02949576410266398,   
0.022293499052414286,  
0.03257299648481852,   
0.006123732521918316,   
])

mc22Eff_ee=array('d',[
0.914,              
0.9329999999999999, 
0.893,              
0.916,              
0.904,              
0.867,              
0.922,              
0.925,              
0.907,              
0.91,               
0.921,              
0.923,              
0.9059999999999999, 
0.907,               
])
sf_ee=array('d',[
1.0175054704595186, 
0.9839228295819935, 
0.9988801791713325, 
0.9989082969432315, 
0.9878318584070797, 
1.0034602076124568, 
0.9837310195227765, 
0.9978378378378379, 
0.9922822491730982, 
0.9912087912087912, 
0.9815418023887079, 
1.0043336944745396, 
0.9955849889624724, 
1.0231532524807057,  
])
sfErr_ee=array('d',[
0.03216890870516492,
0.04370178703325715,
0.009335578944978525,
0.008835385596220087,
0.007039788592274443,
0.007430285034444233,
0.012555142323353096,
0.1220089931901914,
0.010254181912790403,
0.02023291797269123,
0.032025802500178044,
0.024153303415400094,
0.03595253475145532,
0.006751634533537282,
 ])
