dataEff_eb ={
0.897, 		    
0.921, 		    
0.9186111029948867, 
0.875, 		    
0.8725, 	    
0.9205565836298932, 
0.9085000000000001, 
0.9052054325496464, 
0.9249603754812475, 
0.8777156033820137, 
0.9283109575518264
};

dataErr_eb ={
0.0056347227083504885, 	
0.04002811636837296, 	
0.030908016814917123, 	
0.05120302823076, 	
0.00500000999999006, 	
0.0139692872586111, 	
0.0057662899684286124, 	
0.029916285366098243, 	
0.07609001890385582, 	
0.055351587977752616, 	
0.018952809510749243
};

mc22Eff_eb ={
0.9185000000000001, 
0.918, 		    
0.9069658144631116, 
0.909, 		    
0.892, 		    
0.913226334519573,  
0.929, 		    
0.9266162976489387, 
0.9098046891897738, 
0.9019215987701767, 
0.9132221125370188
};

sf_eb ={
0.9765922700054436,
1.0032679738562091,
1.012839831828357,
0.9625962596259625,
0.9781390134529149,
1.008026760544719,
0.9779332615715823,
0.9768934939374397,
1.016658175618957,
0.9731617521731719,
1.016522645266319
};

sfErr_eb={
0.006134700825640161,
0.043603612601713464,
0.03407848049180714,
0.05632896395023102,
0.005605392376670471,
0.015296632094999773,
0.006206985972474287,
0.032285516067441795,
0.08363335538709715,
0.061370731173560726,
0.02075377857211157
};

dataEff_ee ={
0.8975, 	    
0.9031835616438356, 
0.8984051069988628, 
0.9008711256117455, 
0.8755, 	    
0.9488974433893351, 
0.9090729080167976, 
0.911, 		    
0.9221813556153426, 
0.9080963715529753, 
0.9484201617453452
};

dataErr_ee={
0.007297266611547165, 	       
0.01978061336787189, 
0.047571511116691445,
0.031155811822155214,
0.00580948362593438, 		       
0.018924141841563574,
0.02264685871016211, 
0.02606008479355, 		       
0.07978435146934686, 
0.023291251219336288,
0.016035532967745715
};

mc22Eff_ee ={
0.906, 			 
0.9201671232876713, 		 
0.9383553189289775, 		 
0.9095856443719412, 		 
0.8835, 			 
0.929017092768444, 		 
0.9177858786685331, 		 
0.9194655581947744, 		 
0.9375343049199782, 		 
0.9063433962264151, 		 
0.9101609930411887
};

sf_ee={
0.9906181015452538,
0.9815429597363194,
0.9574252832331006,
0.9904192432959813,
0.990945104697227, 
1.0213993378331159,
0.9905065322378073,
0.9907929578010566,
0.9836241199665264,
1.0019341182755441,
1.0420356057847724 

sfErr_ee={
0.00805437815844058,
0.021496761693894917,
0.050696692560967996,
0.03425275235480212,
0.006575533249501279,
0.020370068526048515,
0.02467553624056274,
0.02121080646758498,
0.08510019425492567,
0.025698042614212265,
0.01761834784213834
};


