dataEff_eb={
0.8895, 	   
0.9125000000000001,
0.9115, 	   
0.9, 		   
0.861380569781707, 
0.9155, 	   
0.899, 		   
0.9005000000000001,
0.9109913846153846,
0.91, 		   
0.9173837837837837};

dataErr_eb={
0.0028284448023603815, 	
0.03739652523965305, 	
0.031988280666519146, 	
0.015033299704323055, 	
0.058896987939107255, 	
0.013765903530099212, 	
0.0023452291998864437, 	
0.010392309656664392, 	
0.09242000248018765, 	
0.010319888565289849, 	
0.03744463413290304  };

mc23Eff_eb={
0.877, 		   
0.9135, 	   
0.9155, 	   
0.906, 		   
0.845141709345121, 
0.911, 		   
0.891, 		   
0.898, 		   
0.8799913846153846,
0.907, 		   
0.9154767567567567  };

sf_eb={
1.0142531356898516,
0.998905309250137, 
0.9956308028399782,
0.9933774834437086,
1.0192143640019482,
1.004939626783754, 
1.0089786756453423,
1.0027839643652563,
1.0352276176130395,
1.0033076074972436,
1.0020830971545176  };

sfErr_eb={
0.0032251366047438786,
0.04093763025687252,
0.034940776260534295,
0.01659304603126165,
0.06968889038117057,
0.015110761284411868,
0.002632131537470756,
0.011572727902744311,
0.105023758295749,
0.011378046929757276,
0.04090178571606502  };


dataEff_ee={
0.877, 		 	
0.9069207998431681, 	
0.9019600318103692, 	
0.905, 		 	
0.8534999999999999, 	
0.9086937312522243, 	
0.8865000000000001, 	
0.892, 		 	
0.9361244201209997, 	
0.9048353169111543, 	
0.9082548042704626  };	


dataErr_ee={
0.004153323970026949, 	
0.03763667368994624, 	
0.043541367341625906, 	
0.038454519890384786, 	
0.0068556618936467615, 	
0.02833011630301512, 	
0.005147824783342922, 	
0.009124149275411938, 	
0.10591776145717606, 	
0.024847840753997937, 	
0.022689330861303564  };

mc23_ee={
0.888, 		   
0.918178200352872, 
0.9092796747133219,
0.903, 		   
0.864, 		   
0.9242303624993645,
0.896, 		   
0.9025000000000001,
0.911425679286829, 
0.9080470523110988,
0.9128491103202847  };


sf_ee={
0.9876126126126126,
0.9877394164821409, 
0.9919500643129844, 
1.0022148394241417, 
0.9878472222222221, 
0.9831896550064368, 
0.9893973214285715, 
0.988365650969529,  
1.0270990179402197, 
0.9964630297606603, 
0.9949670695869878  }; 


sfErr_ee={
0.0046771666329132305,
0.040990598203575083,
0.04788556101328631,
0.04258529334483365,
0.007934793858387456,
0.03065265701334779,
0.00574534015998094,
0.010109860692977216,
0.1162110788232941,
0.027364045388129307,
0.02485551073533141  };


