35, 40, 45, 50, 60, 70, 80, 90, 100, 200, 300, 1000
35, 40, 45, 50, 60, 70, 80, 90, 100, 110, 130, 150, 200, 250, 450

dataEff_eb={
 0.9135, 	     
 0.910292508917955,  
 0.874, 	     
 0.913, 	     
 0.8474999999999999, 
 0.84330940938693,   
 0.919, 	     
 0.9195, 	     
 0.8866400000000001, 
 0.8845000000000001, 
 0.901, 	     
 0.9075, 	     
 0.8729934198719866, 
 0.917
 };	     

dataEff_ee={
 0.9268069153550627, 
 0.9146070386997411, 
 0.892, 	     
 0.9143029993878801, 
 0.892, 	     
 0.872112481857765,  
 0.9019759071117562, 
 0.9180176947893246, 
 0.9, 		     
 0.902, 	     
 0.8927431061687581, 
 0.9245000000000001, 
 0.9025000000000001, 
 0.9265000000000001
 };

dataErr_eb={
 0.012658992850933968, 	
 0.059526700390042986, 	
 0.005454365224295236, 	
 0.009027740581119935, 	
 0.050746922074151504, 	
 0.06929582753284454, 	
 0.015346012511398605, 	
 0.017535680768079594, 	
 0.007605215315821092, 	
 0.009949879396254016, 	
 0.02507488983026654, 	
 0.005979138733964848, 	
 0.05594735949001552, 	
 0.007745973147384438
 };

dataErr_ee={
 0.033313496471761884, 	
 0.03141484808327291, 	
 0.008366606241481727, 	
 0.009980080017703489, 	
 0.02334523720162217, 	
 0.017273897487505293, 	
 0.01565625943847709, 	
 0.024393102618846994, 	
 0.014465479597994673, 	
 0.013910431337668921, 	
 0.035188879639784336, 	
 0.022754122703369566, 	
 0.027613404353682928, 	
 0.009899499987373
 };	

mcEff_eb={
 0.913, 			
 0.9105243757431631, 	
 0.9085000000000001, 	
 0.914, 			
 0.9035, 		
 0.882143543678419, 	
 0.9145000000000001, 	
 0.9185000000000001, 	
 0.9212, 		
 0.9195, 		
 0.903, 			
 0.9175, 		
 0.8985581144942274, 	
 0.91
 };		

mcEff_ee={
 0.9109097781633413, 	
 0.9260346036635317, 	
 0.893, 			
 0.91489900020404, 	
 0.904, 			
 0.8679513788098694, 	
 0.9209759071117563, 	
 0.9228322416658521, 	
 0.9065000000000001, 	
 0.91, 			
 0.9118854910211136, 	
 0.922, 			
 0.906, 			
 0.907		
 };

sf_eb={
 1.0005476451259583,
 0.9997453480308872,
 0.9620253164556961,
 0.9989059080962801,
 0.9380188157166574,
 0.9559775338494731,
 1.0049207217058502,
 1.0010887316276538,
 0.9624837168910118,
 0.9619358346927679,
 0.9977851605758582,
 0.989100817438692, 
 0.9715492028730602,
 1.0076923076923077
 };

sf_ee={
 1.0174519338498864,
 0.9876596782468156,
 0.9988801791713325,
 0.9993485610804832,
 0.9867256637168141,
 1.004794166066769, 
 0.9793697100507381,
 0.9947828579679482,
 0.9928295642581356,
 0.9912087912087912,
 0.9790079071979528,
 1.0027114967462039,
 0.9961368653421634,
 1.0214994487320839
 };

sfErr_eb={
 0.013865271468711903,
 0.0653762842334207,
 0.006003704154425135,
 0.009877177878687018,
 0.05616704158732873,
 0.0785539133958747,
 0.01678076819179727,
 0.01909165026464844,
 0.008255769991121462,
 0.0108209672607439,
 0.027768427276042677,
 0.006516772462087028,
 0.06226348478473948,
 0.008512058403719162
 };

sfErr_ee={
 0.03657167512125248,
 0.03392405419731732,
 0.00936909993447002,
 0.010908395369847097,
 0.025824377435422756,
 0.019901918366891903,
 0.016999640617718432,
 0.026432867771084532,
 0.015957506451180003,
 0.01528618828315266,
 0.038589143029768395,
 0.024679091869164387,
 0.030478371251305657,
 0.010914553459066152
 };
