EB

dataEff_eb={
0.873, 		   
0.912, 		   
0.9090289794204117,
0.856314634452678, 
0.843, 		   
0.9195, 	   
0.886, 		   
0.8835, 	   
0.8992797242963813,
0.87, 		   
0.915603325415677
};

dataErr_eb={
0.005147824783343073, 
0.008231044891142325, 
0.06023034579814679,
0.051223394445500434,
0.005567773343087837, 
0.015795572164375764, 	
0.006689551554476621, 
0.008645814016042629, 	
0.06724767170705644,
0.049954980732655675, 
0.006630613771091376
};	

mc22Eff_eb={
0.9085000000000001, 	  	 		
0.9165000000000001, 	  	 		
0.9115434691306175, 	  	 		
0.9040560966419657, 	  	 		
0.881, 		 	  	 		
0.9145000000000001, 	  	 		
0.9205000000000001, 	  	 		
0.9195, 		  	 		
0.8944152785755313, 	  	 		
0.9005000000000001, 	  	 		
0.91
}; 		 	  	 		

mc22Err_eb={
0.005357157864452672,
0.008271658599486779,
0.06039695059093143,
0.054079213616090555,
0.005818752449893694,
0.015709679982949035,
0.006950036349769448,
0.008998105249293942,
0.06688391097718069,
0.0517062760342028,
0.0065900356237280225
};

sf_eb={
0.9609246009906438,
0.9950900163666121,
0.9972415032356011,
0.9471919249628213,
0.9568671963677639,
1.0054674685620557,
0.9625203693644757,
0.9608482871125611,
1.0054386880874813,
0.9661299278178789,
1.006157500456788
};

sfErr_eb={
0.005666290350405143,
0.008980954600264402,
0.06607512185413532,
0.05665953101335756,
0.006319833533584378,
0.017272358845681533,
0.007267302068958849,
0.009402734112063762,
0.07518618399962577,
0.0554747148613611,
0.007286388759441072
};

++++++++++++++++++++++++++++++++++++++++++++++++
EE

dataEff_ee={
0.8915, 		
0.9247377753895756, 	
0.9016324173303865, 	
0.8930424143556281, 	
0.87, 		 	
0.9035, 		
0.8981727071823206, 	
0.9015, 		
0.9468303534303535, 	
0.9037288914417001, 	
0.925
};

dataErr_ee={
0.008351652531086384,
0.015680260285729084,
0.04491644680081414, 
0.031484214093841334,
0.006633257118490187,
0.015091391585934047,
0.046643619521094526,
0.014679921661916374,
0.09142786471370995, 
0.028056392524978623,
0.010908716698127168
};

mc22Eff_ee={
0.893, 		 	
0.9204836109618485, 	
0.9314863016554773, 	
0.904, 		 	
0.8665, 		
0.921, 		 	
0.9063103867403317, 	
0.91, 		 	
0.9120020790020791, 	
0.9061355542791498, 	
0.907 	
};

mc22Err_ee={
0.008365704666584567,
0.015608124803324953,
0.046403671950788136,
0.03187052382206172,
0.006606571601346836,
0.015383698561865253,
0.04706622290912133,
0.014818334678140766,
0.0880647756966504,
0.02813110771653906,
0.010696438967785235
};


sf_ee={
0.9983202687569989, 		 		
1.0046216623273518, 		 		
0.9679502701520857, 		 		
0.9878787769420665, 		 		
1.0040392383150605, 		 		
0.9809989142236698, 		 		
0.9910210898197036, 		 		
0.9906593406593406, 		 		
1.0381888103439236, 		 		
0.9973440366332781, 		 		
1.019845644983462 		 		
};

sfErr_ee={
0.009352354458103453,
0.01703480659405134,
0.04822019037852378,
0.03482767045778908,
0.007655230373329702,
0.01638587577191536,
0.05146539221386906,
0.01613178204606195,
0.10024962312997263,
0.03096268807959763,
0.012027251045344176
};

