dataEff_eb={
 0.920720741989882, 
 0.9270601469756925,
 0.897, 		   
 0.9261355542791498,
 0.875, 		   
 0.8725, 	   
 0.9205565836298932,
 0.9236999644507644,
 0.9085000000000001,
 0.9052054325496464,
 0.9025000000000001,
 0.9166475013433639,
 0.8777156033820137,
 0.9283109575518264
 };

dataEff_ee={ 
 0.9003817548923887,
 0.9110740162398501,
 0.8975, 	   
 0.8990350865193899,
 0.9008711256117455,
 0.8755, 	   
 0.9488974433893351,
 0.8825365396055461,
 0.9090729080167976,
 0.911, 		   
 0.8966909268292683,
 0.9140779089376053,
 0.9080963715529753,
 0.9484201617453452
 };

dataErr_eb={
 0.022006897485140543, 
 0.059739744944696554, 
 0.00630476803697017,  
 0.007915801331785178, 
 0.02541161348675053,  
 0.00500000999999006,  
 0.013958309456510165, 
 0.010303426080789584, 
 0.0056568630883202745,
 0.028679324367879393, 
 0.05522906933852863,  
 0.011827501160534182, 
 0.050407879597132554, 
 0.018952809510749243
 };

dataErr_ee={
 0.05295034288212031,  
 0.04231781491685295,  
 0.007297266611547165, 
 0.028993872368819878, 
 0.01669013570566179,  
 0.006062186074346403, 
 0.01903879463228388,  
 0.05373994882616363,  
 0.022120525706656038, 
 0.012504064983915214, 
 0.07055224728238557,  
 0.03229841504508993,  
 0.01748804120260138,  
 0.017462737051855436
 };

mc22Eff_eb={
 0.9221038785834739, 
 0.9079699265121538, 
 0.9185000000000001, 
 0.9149661114302124, 
 0.909, 	     
 0.892, 	     
 0.913226334519573,  
 0.9164333451830787, 
 0.929, 	     
 0.9266162976489387, 
 0.906, 	     
 0.9151638903815154, 
 0.9019215987701767, 
 0.9132221125370188
 };

mc22Err_ee={
 0.9055066434605425, 
 0.9294003747657713, 
 0.906, 	     
 0.9120584775323166, 
 0.9095856443719412, 
 0.8835, 	     
 0.929017092768444,  
 0.9093305267011395, 
 0.9177858786685331, 
 0.9194655581947744, 
 0.9401207804878049, 
 0.9253831365935918, 
 0.9063433962264151, 
 0.9101609930411887
 };

sf_eb={
 0.9985000208482837,
 1.0210251682419387,
 0.9765922700054436,
 1.0122074934900902,
 0.9625962596259625,
 0.9781390134529149,
 1.008026760544719, 
 1.0079292392686061,
 0.9779332615715823,
 0.9768934939374397,
 0.9961368653421634,
 1.001621142373996, 
 0.9731617521731719,
 1.016522645266319
 };

sf_ee={
 0.9943403081521652,
 0.9802815244931014,
 0.9906181015452538,
 0.9857208815731169,
 0.9904192432959813,
 0.990945104697227, 
 1.0213993378331159,
 0.9705343807242496,
 0.9905065322378073,
 0.9907929578010566,
 0.953803963746018, 
 0.9877831924865176,
 1.0019341182755441,
 1.0420356057847724
 };

sfErr_eb={
 0.023865963473602675,
 0.06579484980761298,
 0.00686420036687008,
 0.008651469418262649,
 0.027955570392464827,
 0.005605392376670471,
 0.015284611195376122,
 0.01124296287880188,
 0.006089196004650457,
 0.030950593509574714,
 0.060959237680495174,
 0.012923915907131683,
 0.05588942505187443,
 0.02075377857211157
 };

sfErr_ee={
 0.058475929762107394,
 0.04553238417567665,
 0.00805437815844058,
 0.03178948837498476,
 0.018349163499811107,
 0.006861557526141939,
 0.02049348153062375,
 0.05909836659846987,
 0.024102054979040565,
 0.013599275005433563,
 0.07504593957148548,
 0.034902748675519346,
 0.01929516039440824,
 0.019186426561201984
 };

