dataEff_eb ={
0.873, 		   
0.912, 		   
0.9090289794204117,
0.856314634452678, 
0.843, 		   
0.9195, 	   
0.886, 		   
0.8835, 	   
0.8992797242963813,
0.87, 		   
0.915603325415677
};

dataErr_eb ={
0.0056347227083505085, 
0.01057119198576962,   
0.06120255316410541, 	
0.0390001354198492, 	
0.0049244390543492006, 	
0.01912459411334006, 	
0.006614385836946661, 	
0.016000003124999624,
0.06724767170705644, 	
0.015984370491201796,
0.057354779571488004
};

mc22Eff_eb ={
0.9085000000000001, 		 		
0.9165000000000001, 		 		
0.9115434691306175, 		
0.9040560966419657, 		
0.881, 		 		, 0.0001
0.9145000000000001, 		 	
0.9205000000000001, 		 		
0.9195, 		 		
0.8944152785755313, 		
0.9005000000000001, 		 		
0.91 		
};

sf_eb ={
0.9609246009906438, 	
0.9950900163666121, 	
0.9972415032356011, 	
0.9471919249628213, 	
0.9568671963677639, 	
1.0054674685620557, 	
0.9625203693644757, 	
0.9608482871125611, 	
1.0054386880874813, 	
0.9661299278178789, 	
1.006157500456788 	
};

sfErr_eb={
0.006202226426362694,
0.011534306585673343,
0.06714167259897896,
0.0431390657777893,
0.005589601650793644,
0.020912623415352716,
0.007185644581147919,
0.017400764681891924,
0.07518618399962577,
0.017750550240090833,
0.06302723029833847
};

dataEff_ee ={
0.8915, 		 	
0.9247377753895756, 		
0.9016324173303865, 		
0.8930424143556281, 		
0.87, 		 		
0.9035, 		 	
0.8981727071823206, 		
0.9015, 		 	
0.9468303534303535, 		
0.9037288914417001, 		
0.925
};	 		

dataErr_ee={
0.00804674468341086, 
0.016241082653099717,
0.042748784994493035,
0.0057600209644937716,
0.00668955155447663, 
0.008689079352842813,
0.045087936229216,   
0.012816009519347207,
0.09146428348251112, 
0.006971781235859627,
0.006245006004800985
};

mc22Eff_ee ={
0.893, 		 		
0.9204836109618485, 	
0.9314863016554773, 
0.904, 		
0.8665, 	    
0.921, 		    
0.9063103867403317, 
0.91, 		    
0.9120020790020791, 
0.9061355542791498, 
0.907 
};

sf_ee={
0.9983202687569989,
1.0046216623273518,
0.9679502701520857,
0.9878787769420665,
1.0040392383150605,
0.9809989142236698,
0.9910210898197036,
0.9906593406593406,
1.0381888103439236,
0.9973440366332781,
1.019845644983462
};


sfErr_ee={
0.00901091229945225,
0.017644075852832175,
0.04589309034230355,
0.006371704606740898,
0.0077201979855471775,
0.009434396691468852,
0.04974889054442031,
0.01408352694433759,
0.10028955589946918,
0.007693971617089706,
0.006885342893937139
};
